GI	OM	Gender	Age	EnrolmentFeeInCOP	PlaceOfOrigin	TypeOfHighSchool	GeneralTestScore	Biology	HistoryAndGeography	Philosophy	Phisics	English	Language	Math	Chemistry	NumberOfSemesters	Censored	NumberOfCoursesPassed
115	21	0	24,3	883740	0	0	49,4	51,9	48	44,3	53,5	40,9	51,1	42,4	55,6	7	1	32
97	7	1	22,9	476029	1	0	49,4	51	54	40	35	47	62	46	44	5	1	22
85	17	0	20,9	449904	0	0	48,7	58	44	45	41	27	49	35	41	7	1	23
104	22	1	22,1	449904	1	0	53,3	58	57	48	51	43	50	53	49	7	1	32
64	9	1	22	449904	0	0	48,6	55,1	45,8	45,2	47	43,5	40,1	45,4	36,1	7	1	25
59	21	1	26,3	436360	1	0	41,1	40,9	46,8	41,1	38,6	42,2	42,8	40,8	39	6	1	21
88	5	0	19,8	431158	0	0	45,3	45	47	23	47	49	45	56	55	6	1	17
76	17	0	24,5	393666	0	0	47,8	51,1	37,4	46,6	42,1	43,5	48,4	34,7	49,4	5	1	12
130	23	0	20,3	449904	0	0	49,4	51	47	17	47	39	62	69	52	7	1	21
67	15	0	21,8	431158	1	0	50,7	50,4	48,9	50,9	37,9	56,1	53,5	42,5	52,1	7	1	38
70	9	0	26,4	412412	1	0	42,1	42,5	43,1	40,4	46,6	43	37,6	42,6	45,1	1	0	0
100	24	0	20,6	431158	0	0	51,5	59	47	54	49	34	49	45	38	7	1	27
82	24	0	19,9	449904	0	0	49,7	55	48	45	45	41	43	55	38	7	1	34
121	25	0	21,5	449904	0	0	50,1	49,7	55,1	51,2	45,5	45,6	53,5	52,4	49,5	7	1	30
88	12	0	22	112476	0	0	59	69	46	69	60	43	50	49	34	1	0	1
94	23	0	21,4	449904	0	0	45,8	51	42	33	47	36	53	45	41	5	1	25
72	24	0	21,4	431158	0	0	48,9	55	44	41	31	39	49	38	47	2	0	4
133	18	0	19,9	449904	0	0	50,2	48	56	23	55	52	68	64	55	7	1	26
116	18	0	20,4	431158	0	0	50,6	51	44	53	52	43	41	51	63	7	1	33
102	25	0	28,7	436360	0	0	50,7	49,9	55,01	61,7	42,5	36,8	64,4	39,7	44,8	7	1	26
120	10	0	21,8	1285440	0	1	60,7	57,8	64,5	48,7	60,8	52,5	65	72,1	63,9	7	1	34
126	14	1	20,4	449904	0	0	56,3	59	51	53	35	43	62	64	47	6	1	19
85	16	1	20,8	127508	0	0	48,7	44	36	53	45	71	46	51	50	3	0	8
106	15	1	21,7	449904	1	0	56,5	64	43,9	50,9	42,7	53,7	50,5	58,1	46,7	6	1	24
162	26	1	21,6	923910	0	1	69,1	77	59	49	60	53	77	75	59	1	0	5
78	15	1	20,8	449904	0	0	51,8	58	49	37	45	39	53	51	50	5	1	16
119	25	0	20,3	456194	0	0	50,9	45	50	53	47	43	46	56	62	7	1	33
92	13	0	21	431158	0	0	54,5	63	51	49	35	34	53	49	50	1	0	3
135	22	0	20,9	1231880	0	1	57,6	63	55	53	56	50	63	59	47	7	1	38
105	19	0	20,4	431158	0	0	53,6	58	56	49	45	45	62	55	44	7	1	38
119	25	0	23,9	883740	1	0	56,2	55	49	60	60	50	62	63	50	2	0	6
116	21	1	20,6	431158	1	0	59,8	68	41	59	51	53	69	53	46	3	0	9
112	29	0	20,9	964080	0	0	63,1	63,2	57,6	51,9	60,8	52,1	74	69	61,4	7	1	26
150	30	1	22,2	449904	0	0	53,8	52,8	39,7	39,8	55,9	49,6	46,1	67	57,9	6	1	18
107	12	0	21,7	431158	0	0	58,6	55	55	60	49	45	69	59	63	7	1	28
114	10	0	20	456194	0	0	50,2	48	56	54	56	47	53	49	53	1	0	5
132	20	0	21,2	431158	1	0	66,9	90	56	45	45	45	77	39	53	7	1	26
114	17	1	20,4	449904	0	0	51,9	51	47	69	39	36	62	56	41	7	1	28
129	28	0	21,2	431158	0	0	61,3	66	66,9	60,8	66,9	62,1	67,9	50,8	56,6	1	0	5
139	15	0	33,9	1847820	1	1	54,2	48	64	69	49	61	68	55	50	2	0	6
132	23	1	21,2	431158	0	0	54,5	55	49	40	43	56	57	60	55	7	1	33
127	26	1	20,8	431158	0	0	55,1	51	57	69	75	47	54	60	55	7	1	31
104	21	0	22,1	431158	0	0	56,8	60,5	48,3	45,2	48	50,1	59,4	53	63,9	2	0	6
132	23	1	20,7	449904	0	0	57,6	59	54	49	75	49	53	69	55	4	0	18
121	15	1	21	431158	0	0	55,5	55	55	60	52	45	58	63	50	3	0	7
97	20	1	20,9	449904	0	0	55,6	68	61	23	59	43	57	52	52	3	0	5
109	22	0	20,7	449904	0	0	53,7	59	48	44	39	41	54	52	52	7	1	31
138	25	1	21,1	476029	0	0	51,8	51	64	45	65	36	62	59	50	2	0	9
113	22	0	21	431158	0	0	55	55	54	84	37	41	49	51	50	7	1	39
103	8	0	21,7	449904	0	0	52,7	48	61	48	55	43	57	56	62	7	1	38
103	12	1	25	393666	0	0	40,6	39,2	30,1	47,3	46,4	45,7	40,6	39,4	39,8	2	0	4
127	22	1	21	431158	1	0	63,8	77	51	54	60	49	57	59	53	1	0	4
148	22	1	21	449904	0	0	62,4	77	66	54	56	55	58	63	41	7	1	37
125	28	1	20,4	2040120	0	1	60	68	57	48	55	56	54	69	52	5	1	15
124	18	1	20,6	431158	0	0	65,7	51	41	45	56	49	63	85	59	7	1	24
140	31	1	21,8	449904	1	0	62,5	63,2	67,2	50,9	63,9	50,9	67,8	63	59	2	0	9
157	25	0	20,6	4499	0	0	74	68	63	69	70	66	63	85	53	7	1	45
141	23	0	21,7	215579	1	0	69,7	51	55	53	65	49	63	85	59	2	0	9
153	31	1	21,8	431158	0	0	76,9	64	69,6	74	66,7	88,9	77,1	82,9	67	7	1	26
138	26	0	20,7	431158	0	0	61,6	76	65	60	65	61	63	59	63	7	1	29
151	26	0	19,9	431158	0	0	66,5	76	61	53	65	56	62	75	59	7	1	44
127	22	1	24,8	449904	0	0	62,4	69,7	48,3	51,9	63,7	53,7	62,2	69	40,3	7	1	28
143	24	1	20,3	431158	1	0	61,9	51	82	53	65	50	62	59	47	7	1	41
90	20	1	22,1	456194	1	1	51,8	63	47	44	47	47	57	56	52	3	0	4
67	17	1	20	449904	1	0	76,7	68	54	53	76	36	57	101	75	7	1	24
141	26	1	20,1	449904	0	0	62,5	58	68	59	55	56	69	64	58	7	1	46
143	29	1	22,2	2463760	0	0	63,6	54,1	68,5	59,4	57,8	57,3	58,3	69,1	57	7	1	47
142	27	1	20,7	449904	0	0	60,2	51	49	53	59	47	68	64	46	5	1	16
147	21	1	20,1	431158	0	0	62	68	60	53	59	52	58	69	55	3	0	13
107	20	1	20,8	456194	0	0	59,5	48	52	41	65	50	63	63	50	6	1	26
155	28	1	21,7	449904	1	0	64	49,5	67,2	56,8	54,3	56,8	53,5	74,6	66,5	7	1	31
128	28	1	21	112476	0	0	64,1	63	65	53	60	55	69	68	50	7	1	33
124	23	1	20,7	449904	0	0	61,4	69	68	60	52	58	78	59	59	7	1	32
129	22	1	20,7	476029	0	0	60,8	59	57	54	52	52	63	68	53	6	1	32
140	29	1	20,1	449904	0	0	61,1	48	50	53	47	45	58	76	44	7	1	34
124	22	1	24,1	476029	1	0	60,4	68	72	53	63	52	58	60	59	7	1	29
166	28	1	22,5	412412	1	0	61,6	59	77	60	52	71	69	59	59	7	1	38
104	23	1	20,6	107790	0	0	60	55	60	53	60	56	58	63	47	6	1	22
131	24	1	21,4	112476	0	0	63,2	34	50	44	59	43	63	76	41	1	0	0
101	17	1	20,3	4562	0	0	61,2	59	62	49	56	45	63	68	67	7	1	28
172	31	1	20,6	431158	0	0	61,9	58	65	53	55	68	54	69	74	7	1	32
112	26	0	20,3	449904	1	0	61,7	55	57	60	55	53	58	69	47	7	1	33
100	23	0	20,8	431158	1	0	61,4	51	52	44	63	58	58	69	46	7	1	34
105	23	1	22,4	412412	1	0	62,8	64	72,2	59,7	46,9	72	62,1	68,4	57,1	2	0	3
116	26	0	20,7	456194	0	0	60,4	58	53	53	60	63	63	63	50	4	0	8
108	19	1	22,2	449904	1	0	67,5	61,3	62,6	71	66,7	50,9	56,4	74,6	69,6	5	1	14
130	25	1	19,3	476029	1	0	60,2	48	60	53	59	55	58	64	55	7	1	40
123	28	0	20,3	449904	1	0	61,7	55	62	53	52	55	63	85	59	7	1	40
109	27	0	23,6	393666	0	0	57,8	43,4	52,2	41,3	48,2	45,9	50,6	72,4	43,9	3	0	7
101	17	1	22,2	476029	1	0	59,9	60,5	60,3	44,3	57,6	55,6	59,3	65,6	59	7	1	24
130	16	1	19,9	449904	0	0	61,8	51	57	60	63	49	63	64	62	7	1	35
135	27	1	21,1	449904	1	0	65,8	55	63	60	63	58	69	69	55	7	1	40
161	29	1	21,5	2570880	0	1	71,4	76	66	53	63	60	63	86	62	2	0	8
168	29	1	22	431158	1	0	70,5	69,7	67,2	50,9	79,2	73,2	62,1	74,6	82,7	7	1	43
149	24	0	23,4	56238	1	0	59,1	49,7	54,3	46,5	53,5	42,2	57,6	76,2	49	7	1	46
126	18	1	20,5	112476	0	0	59,6	58	55	45	56	49	58	68	50	7	1	37
125	25	1	20,5	431158	1	0	61,7	57,8	55,8	59,7	63,9	64,7	59,3	63	51,6	7	1	20
145	6	0	21,2	964080	0	1	74,7	58	63	53	59	60	50	102	55	2	0	7
157	21	1	20,7	449904	1	0	58,5	63	61	60	51	53	53	64	59	7	1	37
168	28	1	20,4	431158	0	0	65,2	63	59	45	70	45	57	75	67	7	1	47
145	30	1	21,2	923910	0	1	64,8	66,8	72,2	65,2	60,6	56,8	50,5	71,4	69,6	7	1	34
147	23	0	22,5	393666	0	0	62,4	61,3	55,3	63,7	57,4	68,4	53,6	69	57,1	7	1	36
134	27	1	24,7	412412	1	0	61,6	55	57	53	63	45	54	69	46	7	1	32
146	32	1	20,9	449904	0	0	62,5	59	55	60	52	61	69	68	63	5	1	22
167	29	1	19,5	964080	0	1	61,3	68	65	53	55	43	58	69	62	2	0	2
139	28	0	20,2	977558	0	0	61	58	57	69	51	49	78	60	49	7	1	34
119	28	1	20,6	431158	0	0	61,4	48	50	41	60	43	54	75	56	4	0	10
116	21	1	20,3	456194	0	0	60,8	51	41	33	51	49	69	76	59	6	1	27
110	25	1	21,4	1231880	0	1	55,8	43,4	55,3	63,7	54,3	73,2	53,6	53,4	51,6	7	1	32
66	13	1	23,5	412412	0	0	59,9	43,4	43,2	51,9	63,9	71,5	50,6	66,2	56,6	7	1	35
118	14	1	20,8	449904	1	0	52,6	45	61	54	60	30	45	52	56	7	1	39
125	28	1	20,3	449904	1	0	61,9	48	56	59	69	49	57	64	55	4	0	13
75	14	1	25,4	412412	0	0	57,1	48	57	45	65	45	43	63	44	1	0	4
105	29	1	21,1	4312	0	0	62,4	59	55	44	68	52	58	69	62	5	1	22
95	22	0	24,8	883740	1	1	57	55,9	40,4	48,7	63,7	47,6	50,6	63,5	43,7	1	0	3
130	23	1	22,6	393666	0	0	53,8	48,8	59,1	49	55,9	40,5	48,4	56,5	49,1	7	1	41
99	11	1	22	449904	0	0	52,4	50,4	51,3	47,7	50,6	51,3	50,5	55,6	40,3	3	0	8
85	13	0	23,1	393666	0	0	50,2	46,6	35	47,7	50,8	51,3	59,3	50,7	61,4	1	0	4
103	17	1	20,7	476029	0	0	51,1	48	39	37	49	39	54	59	44	3	0	4
137	26	1	20,8	1847820	0	1	55,2	51	52	60	43	52	69	56	47	2	0	9
113	22	1	21	449904	0	0	55,1	48	55	60	49	47	63	55	53	7	1	33
87	15	0	22	449904	1	0	61,8	53,2	55,8	50,9	60,6	50,9	67,8	65,6	62	7	1	40
92	10	0	23	431158	0	0	58,3	50,4	48,9	44,3	42,7	52,5	62,1	71,4	49,4	7	1	22
124	19	1	22	456194	0	0	52,6	55	53	45	52	45	54	55	50	7	1	40
131	25	1	20,4	431200	0	0	60,6	58	72	48	69	53	54	60	62	7	1	41
81	20	1	21,4	449904	0	0	55,4	63	65	44	63	52	54	53	49	2	0	7
120	15	1	21,3	449904	0	0	52,2	55	55	45	56	50	54	51	47	1	0	4
108	23	0	22,4	449904	0	0	58,7	55	56	54	52	55	62	63	59	7	1	26
115	14	0	20,4	642720	0	1	60,5	55	61	69	59	43	53	64	49	7	1	39
143	20	1	20,6	431158	0	0	56,6	55	55	53	51	58	58	60	62	7	1	35
84	21	0	20,5	4499	0	0	54	51	55	44	59	43	78	46	49	2	0	6
123	16	1	20,3	215579	0	0	53,9	51	60	60	49	45	63	51	47	7	1	34
77	22	0	22	431158	0	0	57,4	59	63	49	51	45	54	64	55	6	1	14
99	14	1	22,3	1285440	0	1	56,8	61,3	64,5	69,5	52	51,3	67	65	57,1	1	0	4
157	31	1	20,9	1847820	0	0	62,4	68	69	60	59	68	58	64	52	7	1	37
125	29	1	21,6	449904	0	0	54,2	55	56	54	49	47	68	52	50	3	0	7
107	21	1	23,3	431158	0	0	54,9	55	55	45	60	36	50	59	56	7	1	41
149	28	1	21	449904	0	0	66,3	68	53	36	55	50	63	86	47	4	0	11
160	13	1	21,2	1847820	0	1	67,8	63	55	60	56	68	78	75	56	6	1	35
137	28	1	20,9	431158	0	0	59,2	55	59	60	60	47	62	59	44	7	1	32
147	29	1	22,6	449904	1	0	57,9	55,9	59,9	48,7	60,6	50,1	53,6	60,9	69,6	1	0	4
116	22	1	21,6	449904	0	0	59,4	45	50	49	59	27	58	69	50	3	0	6
106	21	1	20	476029	0	0	51,7	55	47	60	47	53	62	49	37	3	0	6
125	27	1	20	4499	0	0	60,4	59	60	49	56	47	58	68	63	2	0	7
128	15	1	20,7	449904	0	0	58,2	55	47	53	55	45	62	64	46	3	0	8
115	30	1	20,8	449904	0	0	57	48	50	45	49	43	69	63	53	4	0	9
132	27	1	20,8	449904	0	0	61,2	63	68	53	65	47	57	63	56	4	0	12
133	25	1	20,8	449904	0	0	57,8	44,4	46,4	56,8	63,7	48,4	47,2	63	49,4	2	0	9
121	26	1	20,8	4499	0	0	65,6	48	63	53	65	45	58	75	53	7	1	42
169	28	1	23,4	1928160	0	1	66,5	62,4	56,3	53,9	52,5	97,3	52,8	80,4	64,8	7	1	36
111	22	1	21,3	112476	0	0	59,4	59	63	54	52	52	63	63	56	1	0	5
120	18	1	21,2	431158	0	0	56,5	48	65	37	49	50	69	59	53	2	0	4
113	26	1	20,4	449904	0	0	56	55	49	49	51	60	49	64	52	7	1	30
97	11	1	20,9	431158	0	0	59,2	55	64	37	65	47	57	63	53	2	0	7
99	8	1	21,6	449904	0	0	54,8	52,3	48,3	51,9	63,9	52,1	40,1	58,4	51,6	7	1	25
122	29	1	21,4	431158	0	0	61,5	63	68	69	55	52	57	64	55	1	0	0
121	25	1	20,3	431158	0	0	53,6	41,1	55,8	53,9	54,1	49,7	47,2	55,6	43,7	1	0	0
85	20	1	22	449904	0	0	63,2	51	50	49	65	55	50	75	50	3	0	11
160	24	1	20,2	431158	0	0	61,3	59	52	53	63	77	58	64	52	4	0	7
153	30	1	20,8	449904	0	0	69,5	68	56	60	63	58	53	86	47	1	0	2
96	11	0	21,6	456194	0	0	53,3	40,1	50,7	55	57,6	45,8	43,9	55,9	46,2	2	0	5
123	11	0	20,7	431158	0	0	58	59	50	41	49	43	46	75	56	1	0	4
92	17	1	21,2	449904	0	0	55,8	48	39	44	59	45	63	60	46	1	0	4
147	26	1	22,1	449904	0	0	61,5	58	77	48	55	19	63	69	67	7	1	37
120	25	1	22,8	416525	1	0	54,4	66	60,3	59,7	76,3	50,9	35,6	48,1	54,1	1	0	2
128	27	1	20,4	449904	0	0	55	41	42	40	59	53	45	64	50	7	1	31
104	15	1	21,2	456194	0	0	53,8	55	54	49	59	39	49	56	33	2	0	2
131	25	1	20,1	456194	0	0	54	51	41	49	56	52	69	52	56	7	1	38
115	29	1	20,9	449904	0	0	57,6	59	66	54	49	49	54	63	50	1	0	0
117	27	1	27,7	449904	1	0	49,2	46,2	49,9	53,9	43,5	39,6	54,5	51,4	51	3	0	10
92	19	1	20,2	449904	0	0	48,1	37	32	33	60	41	37	55	41	4	0	9
105	25	0	22,5	393666	0	0	58,1	49,5	55,3	57,9	60,8	42,1	47,4	63,5	56,6	4	0	12
109	26	1	22,1	431158	0	0	42,2	49,1	43,9	37	45,2	45,9	50,4	38	45,8	2	0	2
101	17	1	21,9	431158	0	0	51,1	51	48	36	55	47	54	53	41	2	0	0
105	16	1	21,7	449904	0	0	56,5	41,1	58,1	50,9	57,4	47,6	43,8	63	49,4	4	0	8
105	25	1	29,1	449904	0	0	53,5	49	48,5	50	55	47	56	53	49	1	0	1
107	24	0	25,1	103103	0	0	52	50,3	52,8	55,4	51,2	44,7	52,3	52,1	40,7	4	0	12
86	18	0	24,4	412412	0	0	40	32,5	52,1	36,4	38,7	30,2	49	36,4	36,2	2	0	5
100	28	1	20,5	449904	0	0	50,5	58	49	33	49	30	49	59	56	1	0	0
89	14	1	22,3	412412	0	0	52,1	55	57	54	52	45	50	52	53	3	0	6
107	17	1	20,5	449904	0	0	63,7	90	66	60	65	43	58	68	50	7	1	22
88	20	1	27,8	412412	1	0	54,8	42,5	44,4	49,9	56,6	48,5	54,7	58,5	41,1	3	0	7
87	19	1	23	412412	0	0	43,8	44,4	43,7	46,7	42,8	43,5	47,2	42,4	43,6	3	0	8
143	30	1	26,5	449904	0	0	51,2	53,4	50,4	22,1	42,9	43,4	62,7	48,7	50,2	7	1	31
71	18	1	23,5	449904	0	0	41,9	40,3	41,4	25,4	52,5	36,7	47	39,6	40,6	3	1	4
109	25	1	20,9	431158	0	0	52,9	55	50	33	63	53	46	56	47	4	0	10
92	11	0	20,6	964080	0	1	41,2	20	41	33	37	49	50	41	38	5	1	8
121	15	1	21,1	449904	0	0	51,3	48	55	37	49	43	54	55	41	7	1	30
110	22	1	23,4	412412	0	0	44,5	40,2	36,5	33,3	42,8	46	45,1	49,8	43,6	3	0	8
101	19	1	24,7	412412	0	0	54,7	63,2	43,9	56,8	60,8	53,3	43,8	58,1	39,9	1	0	1
59	10	1	28,4	412412	0	0	43,3	39	42	51	36	43	54	38	35	4	0	10
130	25	1	22,1	431158	0	0	50,9	42,5	53,3	34,5	48,3	45,9	50,5	56,5	49,1	7	1	33
118	14	1	21,1	431158	0	0	58,5	53,2	55,8	40,5	57,4	48,4	50,5	68,4	59,5	5	1	12
105	22	1	38,3	449904	0	0	46,2	43,2	44,1	48,8	48	43,5	41,4	47,3	44	6	1	15
123	16	1	20,6	431158	1	1	54,8	43,4	57,6	41,4	42,8	66	43,9	66,2	54,1	1	0	3
101	27	1	20,3	964080	0	1	55,7	45	49	49	49	58	53	63	53	6	1	39
116	16	1	20,6	431158	0	0	55,3	55	42	60	56	39	45	63	38	1	0	2
127	32	1	23,7	412412	1	0	56	54,5	53,1	46,5	43,9	49,5	53,6	66,9	50,7	7	1	43
124	23	1	19,6	4312	0	0	62,4	51	59	60	49	43	57	75	38	7	1	45
84	19	1	20,7	431158	0	0	57,7	44	60	45	56	41	69	59	44	7	1	45
100	22	0	20,7	476029	0	0	54,5	48	52	60	43	39	58	60	52	7	1	37
109	13	0	20,3	449904	0	0	55,3	51	62	60	41	55	46	63	53	7	1	39
153	20	1	20,7	431158	0	0	58,9	58	48	32	59	56	58	69	49	1	0	3
110	28	1	21	449904	0	0	55,4	60,5	57,6	66,6	47	61,7	47,4	58,4	59	7	1	30
131	22	1	21,3	923910	0	1	59,9	66	64,5	63,7	54,3	85,1	50,6	60,9	46,2	7	1	41
104	21	0	20,5	456194	0	0	54,8	48	62	53	51	39	58	56	52	1	0	4
110	27	1	21	431158	1	0	58,1	58,6	55,8	53,9	63,7	56,8	62,1	55,6	62	7	1	35
126	17	1	21,6	431158	0	0	56	51	57	49	47	50	63	60	52	6	1	20
117	10	1	20,1	431158	0	0	55,2	55	47	40	55	43	62	60	41	1	0	0
104	17	1	24,2	393666	1	0	37,5	34	36	28	43	47	30	39	44	1	0	2
75	7	0	19,9	476029	0	0	53,8	48	49	49	49	41	57	59	38	1	0	0
153	15	1	20,5	4312	0	0	61,5	55	48	69	56	53	58	68	56	7	1	35
116	15	1	21,2	456194	0	0	53	28	50	45	49	39	54	59	44	7	1	43
103	15	1	20	431158	0	0	57,9	51	60	45	45	50	58	68	56	7	1	32
100	9	1	20,7	449904	0	0	56,1	55	62	17	51	45	54	69	55	7	1	48
76	14	1	20,5	449904	0	0	56,5	55	48	40	43	56	39	76	49	3	0	6
144	30	1	19,6	1285440	0	1	63,5	55	57	48	59	41	58	76	49	5	1	16
148	25	1	20,2	449904	0	0	59,5	48	53	53	56	61	63	63	47	7	1	42
118	18	1	20,7	431158	0	0	63,6	59	77	84	60	49	63	59	56	7	1	45
96	16	1	20,5	449904	0	0	59,2	55	49	45	60	41	57	68	34	4	0	14
119	20	1	19,8	449904	0	0	55,1	52,3	45,8	48,7	70	43,1	47,4	55,9	54,1	1	0	0
92	12	1	21	431158	0	0	54,2	58	50	49	56	52	46	59	50	1	0	3
128	26	1	20,4	431158	0	0	67,2	51	68	69	60	43	62	75	41	7	1	36
109	21	1	20,8	456194	0	0	53,1	51	44	60	49	47	46	59	47	2	0	4
105	20	1	20,9	449904	0	0	57,1	48	50	49	56	53	54	63	56	1	0	3
102	19	1	20,9	476029	0	0	53,8	63	40	41	49	43	57	63	47	1	0	2
71	10	0	23,2	436360	0	0	43,9	44,7	37,4	37,2	39,3	40,5	48,4	46,6	45,6	4	0	9
122	23	1	28,7	393666	0	0	47,2	49	46	42	42	41	54	49	50	5	1	26
104	16	1	26,4	412412	1	0	49,5	40,2	39,2	44,7	53,5	36,7	49,2	52,2	34,5	2	0	7
72	20	1	20,2	449904	0	0	48,1	51	43	48	47	43	50	49	37	7	1	31
126	27	0	20,9	431158	0	0	50	63	68	53	47	43	49	53	52	7	1	31
139	20	1	28,3	393666	0	0	44	51	46	46	45	48	54	37	49	3	0	13
99	14	1	21,7	431158	0	0	56,8	55	50	44	63	56	43	64	47	5	1	19
74	14	1	25,4	412412	0	0	44,4	40,9	31,9	32,2	41,5	40,9	37,7	53,2	47,2	1	0	0
88	17	0	27,1	412412	0	0	48,7	55,2	38,9	46,1	41,1	49,8	56,5	51,1	56	7	1	34
66	15	0	29,8	393666	0	0	43,6	36	46	45	46	41	49	39	46	7	1	34
136	29	0	29	412412	0	0	45,2	52	45	51	52	47	62	34	44	1	0	5
97	15	1	20,5	449904	1	0	44	58	37	33	41	43	45	48	38	7	1	33
95	22	1	21,7	431158	0	0	51,2	59	44	53	43	41	46	60	52	7	1	28
132	24	0	22,8	449904	0	0	45	49,1	47,7	37	48	44,7	48,4	43,8	44	3	0	11
103	17	1	22	449904	0	0	46,3	44,7	41,8	42,2	50,9	39,1	41,5	49,1	45,6	7	1	37
134	24	1	21,1	431158	0	0	55,5	66,8	64,5	48,7	57,4	49,7	59,4	55,9	54,6	7	1	37
80	16	1	20,6	4312	0	0	41,7	41	42	40	51	45	45	35	47	7	1	29
80	20	1	19,8	449904	0	0	51,4	45	44	49	49	43	58	52	47	7	1	43
86	10	1	23,4	4312	0	0	53,3	48	61	49	55	52	57	52	44	7	1	36
85	25	1	29,2	412412	0	0	41	42	43	41	30	42	50	42	39	4	0	8
104	16	1	20,9	476029	0	0	47,8	51	46	49	43	39	54	49	44	7	1	34
148	24	1	20,3	431158	1	0	57,8	58	48	37	60	41	54	68	53	7	1	38
130	27	0	22,2	449904	0	0	47	48	46	37	52	41	54	45	44	7	1	32
109	21	0	21,7	456194	0	0	52	66	45,8	51,9	32,1	21,3	62,2	63,5	63,9	4	0	9
74	14	1	25,4	449904	0	0	40,1	45,6	31,9	43,6	41,5	43,5	42,8	36,4	43,5	5	1	11
56	9	1	31,1	93730	0	1	43,4	46	39,5	36	44	36	41	48	43	6	1	26
84	12	0	26,9	1285440	0	1	49,7	32,6	44,4	40,4	41,4	65,6	57	48,7	43,2	7	1	32
80	13	0	30,3	456194	0	0	41,7	46	43	42	41	45	49	45	47	2	0	4
86	17	0	20,3	431158	0	0	49,5	51	51	84	51	43	41	46	52	2	0	7
137	18	1	20,4	431158	0	0	50,6	63	53	40	39	52	46	60	52	7	1	33
120	17	1	22,4	412412	0	0	50,7	47	43,9	39,5	50,6	49,6	41,5	58,9	45,8	1	0	4
111	24	1	20,9	449904	0	0	57	59	55	60	49	47	54	63	56	1	0	1
128	21	1	19,9	449904	0	0	47,2	55	52	58	52	75	63	77	56	1	0	4
84	19	1	20,4	431158	0	0	0	55	47	45	52	49	53	59	50	1	0	2
105	20	1	20,1	449904	0	0	58,8	51	52	59	59	49	63	60	58	1	0	1
87	20	1	21,1	449904	0	0	41,5	51	45	45	41	39	45	39	50	7	1	26
116	20	1	18,8	449904	0	0	49,3	45	48	49	37	43	43	59	41	7	1	25
131	25	1	21,7	449904	0	0	54	59	57	49	47	49	50	60	41	1	0	0
62	6	1	20,5	449904	0	0	45,1	45	37	48	51	36	41	46	52	1	0	0
131	20	1	25,1	393666	0	0	45,4	42,4	50	41,9	47,5	46	42,7	45	52,6	2	0	3
76	20	1	22,1	449904	0	0	41,4	38	36,5	42	42	40	46	45	43	7	1	26
126	25	0	19,8	431158	0	0	50,4	59	55	49	39	45	50	56	55	1	0	6
71	15	1	22,7	412412	0	0	48,8	50,4	53,6	40,5	50,6	48,9	50,5	48,1	49,4	7	1	28
74	22	1	23,4	431158	0	0	45,4	39,5	51,5	37,2	32,3	38,8	46,4	46,8	45,2	1	0	3
77	11	0	22,7	393666	0	0	44,6	52,8	51,5	51,3	39,3	58,1	33	46,6	47,4	1	0	0
126	19	1	23,1	449904	0	0	48,2	50,1	46,1	49,4	51	43,5	54,9	45	50,5	6	1	33
95	25	1	20,5	449904	0	0	44,7	55	49	40	35	49	45	49	47	1	0	2
105	27	1	21,8	449904	0	0	51,2	55	54	54	41	45	62	42	47	1	0	0
158	26	1	20,3	449904	1	0	59,6	59	52	49	55	55	54	69	59	1	0	6
133	28	1	27	412412	0	0	56,4	66,3	56,8	46,2	48,8	62,6	56,3	64,2	59,9	6	1	18
95	21	1	24,7	412412	0	0	44,8	48,2	41,6	25,8	42,8	38,3	45,1	52,2	41,6	1	0	5
119	27	1	26	393666	0	0	46,1	65,5	49,9	49,6	51,6	47,7	51,4	39,4	50,9	4	0	14
81	18	1	20,4	449904	0	0	37	28	36	36	47	30	30	36	41	7	1	27
86	13	0	21	449904	1	0	41,3	63	44	40	43	39	53	36	44	1	0	0
87	17	0	20,4	431158	0	0	47,1	55	39	40	51	49	46	49	47	7	1	24
113	22	1	20,2	449904	1	0	45,6	59	47	50	45	57	57	57	53	1	0	6
78	7	1	20,9	449904	0	0	39,4	51	20	28	47	36	33	46	46	2	0	4
155	24	1	24,1	1246740	0	1	48	53,9	45,9	39,3	41,9	47,2	52,8	52,1	52,6	6	1	33
122	25	1	21,2	449904	0	0	50,2	48	45	40	51	52	62	49	41	2	0	3
110	28	1	21,4	449904	1	0	48,1	48	48	36	47	45	54	56	37	2	0	5
101	15	1	20,9	449904	0	0	42,7	51	50	29	37	41	46	52	44	7	1	25
107	18	1	20,5	431158	0	0	44,8	48	51	48	59	41	50	48	53	1	0	1
78	11	1	22,2	449904	0	0	50,1	52,3	22,2	40,5	47	48,4	47,2	55,6	56,6	1	0	1
108	14	0	20,6	449904	0	0	43,7	44	43	33	45	43	46	45	47	6	1	33
123	26	1	23,6	412412	0	0	48,8	50,8	57,1	42,2	50,9	56,5	48,4	46,6	50,9	7	1	26
113	20	0	20,9	449904	0	0	45,3	41	50	33	39	30	54	49	41	4	0	10
114	18	1	22	456194	0	0	49	37	41	37	49	43	39	59	47	1	0	0
85	54	1	20,4	476029	0	0	57,3	63	60	69	49	49	54	68	50	6	1	26
95	13	1	21,6	476029	0	0	65,9	65,98	57,6	54,95	63,86	58,47	50,6	69,01	75,02	6	1	39
54	20	0	22	456194	1	0	51,1	55,09	55,32	51,89	46,97	51,33	47,41	55,89	46,19	6	1	41
82	62	1	22,9	476029	0	0	47,6	43,43	43,87	47,74	37,96	44,93	43,78	63,02	43,19	1	0	5
85	62	0	22,8	436360	0	0	45	51,06	45,79	27,6	42,13	45,94	46,45	34,86	48,87	6	1	29
20	34	0	23,1	436360	0	0	43,2	44,38	52,28	36,82	45,69	36,71	37,95	42,39	47,13	6	1	25
1	4	0	24	476029	0	0	40,4	32,02	43,18	31,78	54,26	34,94	40,12	48,17	31,49	2	0	4
85	41	1	21,7	456194	0	0	51,5	51	45	37	54	51	54	46	56	6	1	34
80	59	0	25,2	456194	0	0	45,7	53,95	54,05	32,22	44,26	47,21	57,32	36,38	43,47	1	0	0
46	30	1	22,1	456194	0	0	48,4	53,19	50,68	51,89	42,69	43,53	50,6	48,17	49,44	6	1	32
82	85	0	24,9	436360	0	0	52	49,87	46,81	38,35	38,57	43,48	47,14	62,82	57,44	6	1	49
62	77	0	22,4	476029	0	0	46,7	42,51	39,7	51,28	45,57	44,71	50,37	44	54,3	6	1	40
23	41	0	22,6	436360	1	0	50,4	47,61	29,17	44,46	53,27	48,86	47,63	52,32	50,86	6	1	33
59	82	0	26	1360080	0	0	49,6	40,26	46,91	47,6	43,64	60,24	59,31	56,19	45,12	6	1	41
98	82	1	20	1020061	0	0	54,6	58,75	53,07	53,71	53,05	52,09	61,2	54,67	49,27	6	1	30
85	41	1	22,9	476029	0	0	49,2	55,09	43,86	39,52	24,05	67,51	56,64	46,45	52,83	6	1	29
23	59	1	22,6	476029	0	0	43,2	46,76	53,33	37,24	45,57	44,71	50,47	38,23	39,6	6	1	28
82	97	1	24,5	2040120	1	1	45,3	46,34	46,09	47,08	44,84	43,48	42,72	47,41	44,28	2	0	7
82	50	1	22,2	476029	0	0	43,5	48	46	44	51	34	50	49	28	2	0	4
62	82	0	20,8	476029	1	0	53,2	51	53	46	52	59	59	52	52	2	0	6
99	18	1	26,9	456194	0	0	55,1	53,04	44,41	42,93	56,61	27,81	52,45	75,7	45,12	6	1	39
70	38	1	21,5	456194	0	0	46,7	49,51	43,87	65,24	37,96	53,27	56,41	39,25	51,58	6	1	30
77	20	1	21,4	476029	0	0	59,3	65,98	55,84	56,82	57,57	61,66	59,27	58,05	54,1	3	0	6
30	5	0	20,8	476029	1	0	47,8	48	43	40	43	41	50	49	52	6	1	34
59	34	1	21,2	456194	1	0	45,5	48	52	53	39	43	50	46	46	6	1	34
38	59	0	24	436360	0	0	45,9	40,23	41,64	49,38	42,75	38,31	47,18	49,84	52,16	6	1	40
34	9	1	29	476029	1	0	51,7	60,25	52,23	48,41	46,84	40,88	51,21	55,71	47,22	6	1	34
82	9	0	21,1	476029	0	0	45,5	45	47	37	52	47	41	42	47	6	1	31
66	41	1	21,3	476029	1	0	51,5	54	49	45	60	40	54	49	50	6	1	41
54	30	0	22	1020061	1	1	48	38,63	40,82	48,76	50,41	45,63	57,48	47,3	53,09	1	0	6
50	77	0	22,2	1020061	0	0	45,5	53,19	55,84	59,66	57,4	46,27	50,45	46	53	1	0	4
99	85	1	22,1	456194	0	0	43,1	50,31	40,03	47,29	53,43	53,32	44,9	58,5	41,52	2	0	2
66	13	0	21,6	476029	1	0	52,6	59	42	37	52	27	57	59	47	1	0	3
91	89	1	20,3	476029	0	0	55,8	55	44	54	52	41	63	59	56	6	1	26
59	62	0	20,7	456194	0	0	55,5	59	48	54	45	50	54	49	56	6	1	25
82	85	1	20,8	476029	0	0	61,1	58	56	53	65	77	63	69	63	6	1	32
85	77	1	20,7	476029	1	0	58,9	61	62	60	60	57	61	54	57	6	1	29
73	34	0	24,4	476029	0	0	46,9	44,68	51,5	53,59	45,57	50,86	50,37	44	47,38	2	0	7
41	82	0	21,6	456194	0	0	46,3	49	45	37	54	40	54	40	48	3	0	12
97	97	1	23,4	476029	0	0	54,3	53,84	54,29	51,65	53,45	76,45	45,12	54,43	55,57	5	1	20
50	62	0	21	476029	0	0	56,8	59	56	33	55	47	62	69	55	6	1	35
77	70	1	21	476029	1	0	61,4	68	57	69	47	52	69	49	52	1	0	3
80	70	0	24,7	436360	1	0	52,8	55,49	46	52	57	59	59	50,18	57	6	1	33
23	20	0	20,4	456194	0	0	46,8	45	60	44	59	43	50	49	50	6	1	22
99	62	0	20,2	476029	0	0	61,4	63	61	53	65	68	68	75	47	6	1	29
46	41	1	21,6	456194	0	0	48,1	48	49	37	45	53	53	52	47	1	0	1
20	2	1	23,3	416525	0	0	45,5	50,4	53,57	53,93	37,9	56,82	43,78	42,46	31,86	2	1	4
89	50	0	20,5	456194	0	0	51,8	55	51	41	52	43	57	52	50	3	0	10
99	89	1	20,4	456194	0	0	59,4	58	57	60	52	50	63	68	56	6	1	28
95	85	0	20,5	456194	0	0	54,7	55	43	60	37	52	63	52	50	1	0	4
66	30	0	19,7	456194	0	0	47,2	48	49	37	49	39	41	55	50	6	1	29
82	82	1	20,1	476029	0	0	57,1	59	54	60	59	47	57	60	52	6	1	21
82	70	1	21,1	476029	1	0	52,7	58	50	53	63	45	58	53	41	6	1	27
94	82	0	20,7	2040120	0	1	52,7	71	53	63	55	59	61	69	57	1	0	5
59	30	0	21	476029	1	0	50,5	51	40	60	45	52	49	48	47	6	1	33
11	8	0	20,3	476029	1	0	39,4	34	28	38	37	39	50	40	45	6	1	27
11	3	0	19,9	456194	0	0	46,2	46	44	39	50	39	44	37	60	6	1	21
62	70	0	21	476029	0	0	53,8	55	50	60	41	43	54	59	47	1	0	2
98	99	1	21,4	476029	1	0	64,3	69,65	64,86	50,93	60,57	68,86	62,11	55,62	66,99	4	1	15
85	77	0	25,6	476029	0	0	55,8	61	48	48	60	43	54	51	57	1	0	0
50	59	1	20,7	456194	1	0	50,1	55	59	60	59	36	45	56	37	3	0	7
23	99	0	20,3	456194	1	0	48,1	49	52	41	36	37	54	49	49	6	1	22
82	62	0	20,3	456194	1	1	53,9	55	48	49	54	51	52	60	51	6	1	25
41	41	0	21,4	476029	0	0	50,9	49,51	51,26	50,93	50,75	47,15	53,5	53,16	51,58	6	1	27
46	50	0	20,1	476029	0	0	49,8	51	49	45	43	60	50	46	50	6	1	28
95	82	1	23,8	476029	0	0	44,6	44,37	53,33	40,9	46,7	42,2	44,72	44,5	47,36	6	1	16
41	50	1	22,6	1360080	0	1	39,5	44	37	33	45	47	37	45	29	2	0	1
23	18	1	22,2	476029	0	0	46,7	48	42	45	52	36	41	55	44	1	0	0
97	30	0	21,6	476029	0	0	66,6	72	70	62	56	94	63,02	86	64,44	3	0	14
23	5	0	20,4	476029	1	0	47,2	51	46	37	36	43	57	40	46	5	1	16
46	6	0	21,9	476029	0	0	59,4	59	51	69	52	41	68	59	56	1	0	4
62	77	1	24	436360	0	0	52,1	55,8	50,26	44,72	44,84	40,89	48,95	47,41	56,05	6	1	31
62	97	0	20,8	456194	0	0	48	53	51	49	48	39	57	49	45	1	0	3
62	34	1	22,2	476029	1	0	67,6	75,95	40,42	45,2	42,69	35,31	50,6	48,17	93,36	1	0	3
23	50	0	20,3	476029	0	0	47,7	48	42	49	25	47	49	42	50	6	1	23
80	4	0	19,9	456194	0	0	47,9	48	49	39	59	43	49	54	53	4	1	9
62	3	0	23,8	436360	0	0	52,4	56	51	45	52	37	63	49	50	1	0	0
54	20	0	24,6	476029	0	0	45,9	47,79	46,81	32,22	44,26	39,54	53,22	47,67	45,4	1	0	0
23	38	0	20,8	476029	0	0	41,5	41	45	45	37	41	45	45	41	5	1	15
66	70	0	20,8	1360080	0	1	46,8	47	57	54	49	47	56	49	52	6	1	25
99	77	1	22,1	476029	0	0	65,5	65,98	62,16	66,58	76	62,94	63	79,26	66	1	0	3
66	18	0	19,8	1020061	1	1	55,2	59	48	53	35	43	63	52	50	6	1	29
54	18	0	22,3	436360	0	0	51,8	52,34	43,87	62,46	46,97	50,87	50,45	53,16	51,58	6	1	37
41	38	0	22,2	476029	0	0	53,6	50,4	46,44	53,93	57,4	50,1	59,27	53,16	36,48	2	0	7
30	5	0	21,9	456194	0	0	56,2	36,32	64,48	48,66	32,14	57,29	62,21	48,17	63,93	6	1	34
97	89	0	20,2	476029	0	0	53	51	57	69	45	43	46	51	47	6	1	26
99	89	0	26,4	456194	1	0	55,9	50,05	51,76	60,49	46,37	51,56	57,14	55,8	52,46	1	0	2
73	41	0	21,4	456194	1	0	51,8	45	50	49	52	34	54	55	50	6	1	38
92	70	1	20,9	476029	1	0	58,2	49	54	60	48	50	63	57	55	6	1	41
94	62	1	21,9	476029	0	0	54,7	46,57	46,44	47,74	42,77	43,53	62,11	58,05	48,96	6	1	38
80	77	0	21	476029	0	0	60	48	68	53	52	49	57	63	63	6	1	44
82	34	0	20,7	456194	0	0	52,1	55	57	37	52	49	58	51	50	6	1	38
66	59	0	21,3	476029	0	0	55,2	50,4	57,6	51,89	54,13	48,42	50,6	60,91	57,08	6	1	36
77	59	0	19,5	476029	0	0	50	45	47	46	50	50	50	56	52	6	1	36
20	13	0	21,3	456194	0	0	49,9	47,48	46,44	40,54	32,09	44,51	47,24	60,51	46,66	6	1	39
23	30	0	22,1	456194	0	0	56,1	61,28	53,02	66,58	60,57	52,08	53,63	55,89	49,44	6	1	40
73	70	0	22,9	456194	1	0	54,3	44,42	62,57	47,74	50,64	41,66	50,45	58,05	43,65	1	0	4
62	70	0	20,2	456194	0	0	58,8	63	59	84	56	39	49	59	50	6	1	28
59	62	1	21,3	476029	0	0	55,2	58	50	53	47	49	63	53	52	6	1	38
62	54	0	21,6	476029	0	0	52,4	49,51	60,3	53,93	42,77	53,27	50,45	48,09	43,19	6	1	35
23	82	0	23,9	416525	0	0	50,6	44,42	60,3	50,93	57,4	43,53	56,41	39,25	49,44	5	1	25
85	30	1	21,5	476029	0	0	62,5	53,19	60,3	56,82	57,4	54,45	59,27	71,35	61,96	6	1	35
99	89	0	26,3	436360	0	0	56,9	59,24	61,72	62,81	63,43	57,84	59,11	48,4	54,05	5	1	17
82	34	0	23,1	436360	1	0	56,3	52,41	49,96	46,63	35,7	44,34	62,59	61,22	41,52	6	1	36
82	50	0	26,8	416525	0	0	48,9	49,6	49,53	52,99	48,9	52,42	51,43	43,27	44,7	6	1	32
46	41	0	23	456194	0	0	50,4	45,47	42,91	51,75	46,41	52,09	55,57	49,43	45,36	6	1	32
59	82	1	20,6	476029	0	0	52	39	44	31	24	33	52	71	35	6	1	25
73	77	1	21,3	476029	1	0	56,8	55	54	48	55	43	62	60	55	6	1	36
85	13	0	21,1	456194	0	0	54,4	55	46	69	45	43	54	55	56	6	1	35
82	30	0	21,9	476029	0	0	52,7	57,8	46,44	53,93	63,86	48,42	56,41	53,16	48,96	6	1	38
62	41	0	21	476029	0	0	50,6	55	48	54	41	45	43	59	53	6	1	30
89	20	1	24,7	436360	0	0	54,1	56	55	54	57	45	54	55	51	6	1	36
99	8	1	31,2	416525	0	0	59,4	55	49	65	60	47	57	68	54	6	1	42
82	8	1	23	1360080	1	1	56,7	53,11	48,05	54,45	47,62	51,23	60,24	60,92	46,94	6	1	32
97	50	1	24,6	436360	1	0	55	52,56	51,06	59,93	43,91	41,6	62,45	49,95	45,71	1	0	4
54	41	0	22,8	436360	0	0	54,6	55,92	59,87	57,9	63,65	51,33	53,63	50,82	52,07	1	0	5
62	41	0	30,8	416525	0	0	50,5	58	46	49	52	49	54	51	53	6	1	33
62	34	1	21,9	476029	1	0	50,4	53,19	48,89	44,32	42,69	43,11	50,45	55,62	49,44	6	1	33
27	38	0	21,4	476029	0	0	50,3	41,1	45,79	51,89	46,87	40,14	53,63	50,82	49,44	6	1	35
66	41	1	22,6	416525	0	0	53,6	42,7	57,14	55,86	47,95	44,71	58,84	46,45	51,1	3	0	6
46	18	0	25,5	476029	0	0	48,1	44,38	54,29	47,08	53,45	45,98	42,93	49,84	45,38	1	0	5
85	50	0	29	476029	0	0	52,3	49	53	60	39	47	52	49	53	6	1	35
54	9	0	24,3	416525	0	0	50,5	56	49	52	45	39	52	51	39	6	1	35
95	38	1	23,3	416525	0	0	52,9	55,79	56,07	46,69	50,98	57,13	47,18	59,02	50,5	6	1	29
99	99	0	30,7	436360	0	0	56,1	63	62	42	62	48	59	54	57	6	1	36
41	38	1	24,4	436360	1	0	50,8	48	63	33	41	47	54	49	47	3	0	11
66	70	0	25,1	416525	0	0	49,2	50,07	55	48	45,69	43	59	42,39	50	5	1	18
50	54	1	24,3	456194	0	0	51,3	45,4	59,51	41,7	50,41	46,71	55,41	47,3	42,1	5	1	13
98	82	1	22,8	416525	1	1	52,1	46,74	48,05	44,77	47,62	46,06	53,5	58,22	41,77	2	0	8
80	54	0	26,3	416525	0	0	56,1	64,49	57	48,67	52	42	69	49	48,36	6	1	35
98	94	1	20,6	476029	1	0	54,4	51	57	69	51	41	50	52	62	1	0	5
97	82	0	20,4	977558	0	1	63,3	48	57	53	59	50	69	69	49	6	1	29
46	87	1	42,1	416525	0	0	59	60	58	43	54	45	66	63	50	6	1	36
70	73	1	20,4	456194	0	0	50,3	48	50	40	47	43	58	49	52	6	1	27
27	30	0	22,5	416525	0	0	54,3	58	60	50	36	47	54	54	50	6	1	34
34	46	0	30,5	416525	0	0	51,4	63	39	40	47	43	58	60	49	1	0	2
6	20	0	30,3	476029	1	0	50,2	48	52	48	53	51	59	39	57	1	0	0
59	54	1	21,1	456194	0	0	50,7	45	53	44	51	52	54	49	55	4	1	20
85	70	1	22,6	436360	1	1	47,1	50,99	42,12	52,09	34,84	40,5	53,5	42,74	45,27	6	1	36
41	41	0	20,5	456194	0	0	46,7	42	51	30	46	46	66	43	47	4	1	7
95	85	1	20,4	456194	0	0	53,4	55	56	54	41	41	57	59	56	6	1	27
82	54	1	20,3	456194	1	0	50	59	57	45	41	53	54	52	41	6	1	31
99	94	1	21,5	1020061	0	0	63,6	51	51	63	60	51	59	72	53	1	0	2
62	5	1	22,1	476029	0	0	55	43,43	46,44	47,74	54,26	49,66	53,5	60,51	39,88	2	0	1
54	97	1	21,2	1360080	1	1	50,9	51	49	37	45	55	54	63	47	6	1	14
94	70	0	23,2	935056	0	1	54	53	60	58	59	56	59	75	50	3	0	10
80	5	1	20,8	476029	1	0	58,3	58,6	50,68	45,2	60,57	54,45	56,55	63,5	49,44	6	1	27
82	38	1	21,2	476029	0	0	59,2	76	64	60	55	45	53	64	55	1	0	2
97	82	1	20,7	476029	0	0	62,7	63	71	69	59	55	57	64	55	3	0	10
80	94	1	20,2	476029	1	0	49,7	59	47	50	45	57	57	57	53	6	1	35
46	30	0	23,4	416525	1	0	47,8	46,13	51,87	49,44	48,49	46,92	49,07	45,71	53,36	6	1	27
87	59	1	22,5	436360	0	0	53,5	51	33	40	55	49	58	60	46	4	1	8
66	59	1	23,7	436360	1	0	48,6	42,37	43,91	42,25	42,75	52,09	47,18	54,43	47,13	4	1	5
77	50	1	23,4	892553	0	0	45,7	39	40	40	42	43	50	49	37	1	0	0
89	23	1	22,5	476029	0	0	54,1	55,92	43,18	54,95	57,4	58,01	43,94	58,38	43,65	1	0	5
3	1	1	24,4	476029	1	0	44,4	41	36	36	47	34	35	52	41	4	1	11
41	23	1	23,5	476029	0	0	60,6	55,09	45,79	51,89	73,09	43,11	50,6	66,17	51,58	1	0	0
73	38	1	19,8	476029	0	0	43	42	41	26	47	45	39	47	43	2	0	2
94	13	1	21,3	1360080	0	0	57,3	47,48	55,32	48,66	60,57	53,73	65,03	55,89	57,08	3	0	8
73	62	1	21,3	476029	0	0	56,2	55	62	29	52	39	50	68	59	1	0	0
95	59	1	25,9	476029	1	0	49,6	59,93	40,35	47,6	46,57	42,99	45,57	56,19	46,96	6	1	31
62	62	1	20,7	476029	0	0	44,2	44,42	38,22	36,19	42,69	40,14	39,96	50,67	40,31	5	1	29
97	41	1	20,5	476029	0	0	51,7	55	47	53	47	43	41	60	41	3	0	5
66	30	1	23,8	476029	0	0	49,8	51,94	54	49	45,69	39	54	54	46	5	1	15
91	59	1	21,8	476029	0	0	47,8	44	42	41	52	50	52	47	47	2	0	4
62	38	0	19,9	456194	0	0	42,6	44	38	41	25	36	58	48	47	2	0	3
85	59	0	22,8	1360080	0	1	58,7	61,28	67,21	56,82	46,87	66,03	56,41	63,02	64,44	2	0	11
41	13	1	23,4	456194	0	0	55,8	46	56	50	62	39	48	59	47	3	1	7
96	85	1	23,2	416525	1	0	55,7	51	47	53	54	46	52	62	62	4	1	11
91	82	1	21,4	476029	0	0	55	51	55	29	57	59	63	57	52	6	1	14
18	9	1	26,4	436360	0	0	47,2	47,79	31,93	46,04	49,32	39,54	49,19	50,54	52,34	1	0	2
54	38	1	23,9	476029	0	0	47,4	46,34	39,05	51,25	44,84	37,51	50,87	49,77	40,58	5	1	11
98	85	1	22,1	476029	1	0	58	58,6	60,3	53,93	63,65	45,84	62,11	55,62	59,52	2	0	4
98	34	1	24,7	436360	0	0	55,4	49,05	41,79	39,52	60,41	47,17	54,6	61,53	42,01	2	0	6
23	9	1	21	456194	0	0	50,2	38	50	44	63	43	43	49	44	6	1	17
95	59	1	20,4	476029	1	0	60,5	58	60	60	60	52	58	63	47	6	1	29
99	85	1	21,5	807548	1	1	55,5	63	69	40	47	50	58	60	58	5	1	23
73	34	1	21,5	456194	0	0	49,8	37,43	45,79	48,66	46,87	51,33	47,41	53,37	61,96	6	1	19
94	34	1	21,3	1020061	1	0	59,7	51	38	48	54	60	59	71	54	3	0	5
73	94	1	20,5	476029	0	0	56,9	41	44	54	56	45	43	68	44	6	1	17
50	50	0	20,4	476029	0	0	49,8	48	46	45	52	36	54	51	53	3	1	11
70	5	1	20,7	456194	0	0	49,1	41	59	36	43	49	49	53	41	1	0	3
94	82	1	21,5	456194	0	0	51,7	53,19	48,89	47,74	54,13	37,19	47,24	55,62	52,07	1	0	0
41	41	1	22,7	436360	0	0	47,6	42	44	36	50	43	44	52	39	3	0	6
62	34	1	22	476029	0	0	51,9	58,6	58,08	62,46	50,64	47,15	47,24	50,67	59,52	4	1	13
66	5	1	20,2	476029	1	0	51,2	45	38	44	47	43	39	64	52	3	0	10
91	34	0	19,6	476029	0	0	41,3	48	47	49	43	41	28	42	41	4	1	10
30	34	1	22,5	476029	0	0	46,4	52,34	38,22	36,19	50,75	52,08	53,5	45,38	36,08	1	0	0
66	59	1	24,3	436360	0	0	57	57,8	55,84	62,46	69,98	58,01	39,96	55,62	59	5	1	10
91	54	1	31,3	436360	1	0	53,5	53,04	43,12	42,93	56,61	60,24	47,92	58,51	46,96	6	1	34
41	38	1	22,9	436360	0	0	45,6	31,85	43,86	44,51	48,33	39,05	50,37	44	47,38	3	0	7
30	30	1	21	476029	0	0	48,4	41	44	37	37	47	57	55	50	1	0	0
99	23	1	19,4	476029	0	0	61,4	55	55	44	59	52	63	69	55	6	1	19
59	50	0	21,6	1020061	1	1	42,9	45	49	55	40	50	56	34	44	4	1	9
62	30	1	20,1	476029	0	0	57,9	48	50	39	52	47	52	71	36	2	0	4
30	41	1	20,7	476029	1	0	54,6	55	56	45	52	55	62	55	50	4	1	16
30	38	1	20,8	456194	0	0	50,7	38	40	40	59	47	41	56	44	1	0	1
85	85	1	21,9	476029	0	0	69,6	55	49	44	75	47	57	86	52	6	1	14
82	41	0	20,9	476029	0	0	49,9	47	45	48	54	31	52	51	50	5	1	14
66	70	1	20,6	456194	0	0	47	44	48	41	52	41	43	48	44	2	0	5
62	89	1	20,6	476029	0	0	46,3	55	43	44	47	43	43	49	50	1	0	1
94	97	1	20,1	456194	0	0	56,1	59	60	45	60	50	50	59	63	1	0	1
77	82	1	20,8	456194	1	1	52,1	51	53	33	51	43	69	52	52	6	1	35
46	8	1	20,6	476029	0	0	53,6	45	44	69	49	39	57	55	56	3	0	7
66	1	1	22,4	436360	0	0	42,2	45	31	27	52	47	32	47	42	1	0	1
95	99	1	21,6	476029	0	0	54	55,09	55,32	51,89	50,75	53,27	47,41	58,38	56,56	2	0	5
66	9	0	21,2	476029	1	0	60,4	48	53	50	52	40	54	74	52	6	1	31
99	99	1	21,2	476029	0	0	56,2	51	48	48	55	50	50	64	58	5	1	16
15	18	1	20,8	456194	0	0	53,1	45,64	36,86	35,44	46,84	31,96	34,62	44,48	43,47	1	0	1
89	59	1	20,9	456194	1	0	60,3	51	61	60	52	47	68	63	56	6	1	34
59	8	0	20	977558	0	1	51,3	45	49	60	37	49	57	55	50	6	1	29
20	6	1	22,8	476029	1	0	44,4	39	42	50	39	33	41	49	47	2	0	5
97	54	0	24,1	456194	0	0	60,7	57,8	53,02	54,95	54,26	62,94	47,41	72,05	51,58	3	0	10
73	59	0	20,9	476029	0	0	46,5	45	47	49	41	47	45	49	47	6	1	17
66	54	1	23,9	436360	0	0	51,6	55	56	41	56	50	41	55	56	6	1	18
77	41	1	22,8	476029	0	0	45,9	50,07	39,05	36,44	53,45	38,31	45,12	47,48	39,51	2	0	8
82	50	1	23	436360	1	0	52,5	58	42	36	59	47	62	53	44	2	0	6
85	77	1	21,8	456194	0	0	50,1	56,51	56,1	49,23	43,89	44,71	38,38	57,11	52,62	6	1	33
80	23	1	20,7	476029	0	0	51,3	41	42	36	51	43	37	64	46	2	0	7
30	18	1	23,6	436360	0	0	46,3	44,42	53,57	47,74	50,64	40,14	47,24	42,46	59,52	1	0	0
85	23	1	20,5	456194	0	0	52,8	45	50	41	49	43	54	59	47	5	1	13
77	94	0	20,7	456194	0	0	52,5	48	57	45	56	43	54	52	47	1	0	4
66	54	1	20,9	456194	0	0	56,6	53,19	53,57	40,54	57,4	48,86	53,5	63,02	52,07	5	1	14
89	77	1	21,6	476029	0	0	53,7	51	54	53	47	53	57	56	44	1	0	2
46	18	1	27,6	436360	0	0	44,2	47,79	41,1	41,05	38,57	43,48	47,14	47,67	48,97	1	0	0
99	85	1	20,6	476029	0	0	58,5	59	54	60	52	43	62	63	56	6	1	34
41	5	0	20,9	476029	1	1	45,3	46	44	35	39	33	50	51	50	3	0	6
73	94	1	20,6	456194	0	0	41,1	45	33	28	43	39	43	45	44	1	0	0
15	23	1	24,1	436360	0	0	35,3	34	48	17	35	30	15	45	44	1	0	0
98	97	1	25,6	416525	0	0	56,2	57,44	59,52	46,47	43,72	46,06	59,82	63,9	50,66	6	1	22
62	99	1	30,9	436360	0	0	46,6	34	43	41	38	45	52	51	41	1	0	0
94	18	1	20,7	456194	0	0	57,7	55	39	48	59	43	63	64	46	1	0	0
94	77	1	26,7	1020061	0	1	48,6	51,89	59,6	47,3	40,3	53,56	59,11	45,66	44,03	1	0	0
95	85	1	26,3	476029	0	0	48,3	56,94	49,43	50,84	48,9	52,42	51,43	46,07	48,36	6	1	34
82	85	1	21,8	297518	1	1	48,2	51	55	53	41	34	63	45	38	1	0	0
23	50	1	26,1	456194	0	0	46,5	40,94	44,96	43,59	41,52	40,88	47,14	50,54	45,4	4	1	9
66	50	1	27,5	436360	0	0	45,2	36,79	50,44	28,68	45,94	52,09	52,83	43,88	43,56	1	0	1
41	23	1	21,6	476029	1	1	50,5	47	54	43	43	43	56	54	42	1	0	0
66	77	0	26	456194	1	0	49,9	53,71	51,76	58,26	43,5	49,6	63,33	45,66	55,66	2	0	3
85	8	0	27,2	476029	0	0	50	63,27	49,87	49,58	40,3	47,66	55,21	53,42	55,66	6	1	32
11	50	0	26,3	416525	0	0	47,9	51,92	41,1	50,76	49,32	48,43	49,19	47,67	50,66	1	0	0
89	59	1	24,2	476029	0	0	52,1	49,51	48,96	46,59	47,99	60,9	56,64	65,93	48,96	4	1	9
80	54	0	21,1	476029	0	0	56,8	57,8	48,89	50,93	54,26	49,66	62,11	60,51	59	6	1	19
66	30	1	21,8	476029	0	0	54,9	55,09	55,84	53,93	57,57	53,27	56,41	53,16	46,19	2	0	5
89	82	1	22,9	476029	0	0	51,6	42,7	51,46	46,59	42,13	43,48	50,47	58,94	49,37	1	0	0
89	85	1	20,5	456194	0	0	51,6	68	40	49	51	47	41	60	47	6	1	25
82	62	1	29,6	436360	1	0	47,7	57,54	55,49	43,15	45,94	35,25	54,57	46,77	45,33	1	0	5
41	38	0	23,4	476029	0	0	46,6	40,39	41,83	34,19	34,91	52,09	52,45	53,95	43,97	2	0	3
23	20	1	24,4	436360	0	0	44,6	47,86	43,43	38,35	47,97	61,22	41,72	55,71	46,88	1	0	0
23	4	1	23,3	456194	0	0	43,9	33,24	37,44	41,38	46,87	50,1	40,12	45,38	43,65	1	0	0
6	6	1	21,3	476029	0	0	44,3	48	34	40	35	46	52	51	45	1	0	1
46	20	1	27	416525	0	0	49,5	51,89	61,72	56,09	46,37	49,6	59,11	42,69	52,46	1	0	0
95	62	1	33,6	416525	0	0	47,4	50	42	44	40	39	52	50	46	3	0	10
82	54	1	23,8	476029	0	0	44,9	55,79	50,26	47,08	39,48	38,31	49,15	45,01	48,83	3	0	4
9	34	1	21,1	476029	1	0	44,7	59	28	60	37	43	45	49	41	1	0	0
23	41	1	24,8	476029	0	0	38,1	40,94	46,81	43,59	35,31	35,21	37,68	36,38	48,97	1	0	0
73	38	1	21,9	456194	0	0	53,5	55	55	60	41	41	54	59	50	3	0	11
85	77	1	32,9	416525	0	0	47,2	55,09	51,5	39,52	53,11	48,4	50,37	43,8	45,83	1	0	3
23	20	1	34,8	416525	0	0	46,1	52	52	48	50	42	56	37	41	1	0	0
34	20	1	24,5	456194	0	0	42,5	55,99	43,06	35,44	54,12	43,48	47,14	36,38	43,47	2	0	12
3	13	1	26,1	476029	0	0	45	43,22	51,05	34,45	45,54	41,43	49,61	44,69	44,01	1	0	0
89	77	1	31,3	476029	1	0	59,9	58,08	60	51,25	65,36	33,05	70,25	53,31	62,27	1	0	0
41	59	1	25,6	476029	1	0	45,6	32,43	43,7	48,98	35,72	38,31	42,93	52,15	45,38	1	0	1
46	41	1	33,4	456194	1	0	47	49,76	61,85	39,75	53,27	45,63	47,55	41,82	45,4	1	0	0
23	54	0	28,4	436360	0	0	48	49	44,5	52	44	45	52	47	43	4	1	7
82	50	1	38,8	436360	0	0	66,6	57	58	39	62	80	46	84	45	3	0	17
73	23	1	21,4	476029	0	0	52,5	49	55	43	50	45	56	55	54	6	1	32
73	82	1	29,5	436360	0	0	47,9	51,21	49,46	48,19	44,61	41,31	50,08	46,52	42,23	1	0	1
85	77	1	28,9	416525	0	0	46,8	45	43,5	40	35	41	53	52	43	6	1	25
46	23	1	27,8	436360	0	0	50,9	44	42	29	71	50	50	49	38	2	0	9
50	54	1	24,7	436360	0	0	42,4	46	36	36	47	43	35	46	49	1	0	0
23	41	1	26,2	436360	0	0	42,4	37,97	48,2	39,64	41,92	31,96	44,91	42,36	49,3	1	0	0
66	5	1	25,4	456194	0	0	44	46,16	44,41	44,92	53,97	43,74	53,53	46,96	57,44	2	0	3
18	41	1	27,3	436360	0	0	42,7	41,3	40,51	43,2	44,61	41,31	48,55	37,95	42,23	1	0	0
54	77	1	26,8	476029	0	0	44	48,54	48,6	51,25	40,12	42,66	50,08	39,73	32,33	2	0	2
89	97	1	26,9	456194	0	0	48,4	66,69	46,09	51,65	53,45	65,86	53,89	53,45	50,5	4	1	18
82	50	1	22,5	416525	0	0	51,2	53,19	38,22	56,82	57,4	38,53	50,45	50,67	49,44	4	1	13
54	30	0	21,7	456194	0	0	59,5	60,48	58,08	62,46	50,75	62,94	50,45	53,16	63,93	6	1	29
6	34	0	21	476029	0	0	53,5	59	42	41	41	43	41	68	47	1	0	1
73	54	0	20,9	456194	0	0	49,2	51	47	53	47	36	49	52	47	6	1	25
99	85	1	25	476029	0	0	46,2	45,64	59,76	43,59	38,57	43,48	47,14	50,54	48,97	6	1	33
80	77	1	21,7	476029	0	0	54,1	50,4	51,26	53,93	37,9	68,86	64,91	58,05	43,65	6	1	23
99	85	1	24	436360	0	0	54	55,8	52,28	36,82	52,53	52,09	54,66	66,35	50,94	5	1	18
98	70	1	19,8	476029	0	0	51,1	52,34	45,79	48,66	69,98	43,11	47,41	55,89	54,1	1	0	0
54	85	0	23	436360	1	0	44,7	40,39	45,79	44,29	53,11	52,09	52,54	49	47,62	6	1	31
23	99	0	22,1	456194	0	0	53,7	59	47	54	37	39	57	42	50	6	1	24
62	70	0	21,3	476029	0	0	45,8	51	37	41	45	39	41	48	34	6	1	29
41	13	1	26,1	436360	0	0	41,6	41,76	43,06	42,38	46,84	40,88	53,22	50,54	44,03	6	1	25
13	9	1	21,8	476029	0	0	47,4	50,4	48,28	37,03	32,09	52,54	40,12	48,17	43,65	6	1	29
46	6	0	21,2	476029	0	0	50,7	55	50	36	51	50	54	46	46	6	1	28
34	13	1	20,8	476029	1	0	42,9	41	50	40	47	43	43	49	49	6	1	28
8	8	1	29,1	436360	0	0	42,6	43,87	51,52	48,87	39,45	42,76	39,01	40,93	35,17	1	0	1
6	9	0	21,4	476029	0	0	44,3	49	50	23	37	37	50	43	45	1	0	0
23	70	1	20,4	476029	0	0	48,3	51	46	41	25	43	58	39	47	6	1	26
23	9	1	23,5	456194	0	0	47,3	47,86	54,54	33,5	36,11	44,92	52,83	46,84	55,55	4	1	14
92	82	1	22,7	436360	0	0	53,4	53,07	51,5	48,86	45,15	56,48	54,54	56,43	52,83	6	1	33
20	8	1	23,9	436360	0	0	58,3	61,28	64,86	44,32	69,72	44,93	62,11	68,39	57,08	1	0	3
15	3	1	24,3	436360	0	0	46,6	47,48	45,79	45,2	37,9	48,42	43,94	50,82	40,31	3	0	6
54	34	1	24,6	416525	0	0	48,1	48	49	49	60	36	57	55	44	1	0	2
4	6	0	38	892553	1	1	42,1	46	39	29	29	33	41	41	47	1	0	1
41	41	0	23,9	476029	0	0	47,8	41,79	46,11	52,09	45,75	46,06	47	42,89	41,52	5	1	20
27	18	0	33,2	416525	0	0	50,3	46	49	44	36	35	54	43	39	2	0	9
8	34	0	29	456194	0	0	47	47	42	46	50	41	49	39	39	1	0	5
99	94	0	48,8	416525	1	0	48,5	44	57	49	57	50	46	60	50	6	1	38
73	38	1	28,9	476029	0	0	65	48,54	53,19	46,6	42,45	41,31	75,15	46,52	42,23	1	0	0
2	9	0	25,7	436360	0	0	43,1	37	33	36	46	43	48	34	38	1	0	4
6	23	0	24,9	476029	0	0	41,6	39	49	51,15	37,1	50	50	40,78	43	2	0	8
6	20	1	31,3	416525	0	0	39,3	40	46	44	31	42	38	44	32	5	1	15
94	34	1	20,7	476029	0	0	55,7	58	49	45	49	43	62	68	56	6	1	35
20	6	1	23,6	476029	1	0	45,3	42	45	49,2	40,91	37,38	44,72	52,61	49,01	6	1	23
30	18	0	28,8	476029	0	0	41,3	44	38	46	34	39	44	42	44	6	1	38
70	34	1	34,9	456194	0	0	55,9	63	58	50	57	59	57	62	45	6	1	32
92	62	1	21,4	456194	0	0	59,7	55	76	44	59	45	62	56	58	6	1	33
59	38	1	26	416525	0	0	49,7	45,64	41,1	41,05	49,32	43,48	55,25	50,54	52,34	6	1	25
46	34	0	21,3	456194	0	0	44,2	44	41	41	56	45	46	59	50	6	1	37
62	30	1	23,8	476029	0	0	57,4	39	51	50	50	39	63	49	45	6	1	29
30	30	1	27,1	436360	1	0	45,7	37,88	48,89	38,82	43,61	30,86	48,36	33,72	31,92	6	1	37
27	54	0	22,4	476029	0	0	43,3	59	42	41	41	36	45	39	38	6	1	23
5	34	1	32,1	416525	0	0	43	40	37	40	40	35	46	39	40	6	1	27
73	77	1	24,1	476029	0	0	48,9	44,68	41,83	39,79	30,87	39,05	54,54	49,14	47,38	6	1	32
6	38	1	23,8	436360	0	0	41	46,76	29,33	39,79	42,59	44,71	43,99	38,23	50,85	6	1	26
34	59	1	22,6	436360	0	0	39,8	45,47	42,25	34,84	50,84	33,81	41,37	35,84	41,62	6	1	33
80	50	1	19,5	476029	0	0	48,2	48	36	33	47	45	35	60	44	3	0	8
23	6	1	27,5	436360	0	0	51,1	46,32	50,02	48,98	53,45	44,74	51,08	52,15	53,84	3	0	6
1	8	1	27,8	416525	0	0	41,1	42,1	35,95	46,4	34,2	40,6	44,1	40,5	43,2	1	0	0
95	77	1	22,1	476029	0	0	48,5	55	37	36	43	41	49	56	37	6	1	23
46	9	0	25,3	436360	0	0	48	43,37	41,1	35,44	41,52	43,48	42,76	58,13	45,4	1	0	3
82	34	0	28,3	436360	0	0	46,1	42,86	47,42	41,37	44,61	41,31	54,64	44,85	49,49	4	1	15
20	30	1	21,2	476029	0	0	42	48	37	29	37	43	53	42	41	1	0	4
62	50	1	23,8	436360	0	0	38,1	38,26	31,93	41,05	38,57	42,2	37,68	36,38	43,47	6	1	28
30	9	0	22,6	416525	0	0	47,6	58	57	32	35	34	50	60	46	6	1	27
15	3	1	25,2	476029	0	0	39,2	51,92	46,09	46,09	44,72	35,21	48,95	47,41	47,22	1	0	1
82	50	1	24,7	416525	0	0	51,3	49	45	29	55	42	52	57	49	1	0	0
95	38	1	26,6	476029	0	0	41,7	45,85	38,47	41,62	34,77	43,4	40,14	46,07	40,8	1	0	4
46	5	1	22,9	476029	1	0	46,5	44	38	18	60	43	46	48	44	1	0	1
99	54	1	27,5	436360	0	1	56,2	64,68	46,6	53,83	67,2	63,07	70,25	55,09	63,95	6	1	32
70	13	0	21,3	476029	0	0	50,1	45	37	40	47	45	49	56	50	4	1	10
82	59	1	24,3	416525	0	0	47,2	35,2	39,05	35,44	54,12	40,88	42,76	50,54	43,47	2	0	5
89	30	1	31,3	436360	0	0	44	43	39	46	35	42	51	42	42	2	0	5
82	70	0	20,7	456194	0	0	50,8	48	57	69	47	41	46	53	55	6	1	31
87	85	1	21,9	456194	0	0	61,1	72,69	58,08	53,93	63,65	61,66	47,24	68,39	46,66	5	1	25
70	13	0	24,4	436360	0	0	48,8	43,61	47,54	48,58	40,06	43,48	48,57	54,77	48,74	6	1	24
94	82	1	20,4	456194	1	0	50,8	51	56	48	55	43	57	60	46	3	0	7
89	54	1	20,3	476029	1	1	58,2	53	46	42	65	52	52	66	57	6	1	29
97	89	0	20,9	476029	0	0	55,9	68	54	44	51	50	37	53	62	2	0	7
91	85	1	21,5	476029	0	0	59,3	60,48	59,87	51,89	60,76	77,13	62,21	50,82	56,56	6	1	35
70	30	0	23,3	456194	0	0	53,3	45	42	52	52	46	54	49	59	1	0	0
66	94	0	20,5	456194	0	0	55	58	51	53	55	36	57	64	55	6	1	37
89	89	1	23,9	476029	1	0	47,9	48,2	50,26	42,25	45,69	30,17	45,12	52,15	52,16	4	1	15
80	62	1	24,1	476029	0	0	47	53,85	45,87	41,86	47,54	47,21	44,91	32,82	50,94	6	1	26
66	34	1	19,5	1020061	1	1	48,5	39	38	26	45	52	44	52	51	6	1	26
99	62	1	29,4	476029	1	0	54,2	47	47,5	46	60	43	47	47	60	6	1	36
82	59	1	21	476029	1	0	57,9	59	59	54	57	55	59	57	63	6	1	34
99	82	0	22	456194	1	0	51,6	46,74	53,79	32,22	47,62	45,2	51,41	58,22	53,59	6	1	35
98	77	1	20,2	977558	0	1	49,9	59	53	60	55	45	46	60	44	1	0	0
46	5	1	31,5	436360	0	0	47,1	48	50	18	57	39	44	49	52	5	1	14
46	30	1	20,3	456194	0	0	38,6	45	30	29	37	27	43	45	41	3	0	3
34	18	1	24,5	416525	0	0	41,4	40,27	43,91	42,25	30,4	40,89	42,72	52,06	40,58	6	1	27
46	38	1	20,4	456194	0	0	38,6	51	30	29	32	34	39	45	53	3	0	3
41	18	0	23,6	476029	0	0	48,9	45,47	44,97	39,58	48,85	44,56	53,65	49,43	56,55	3	0	3
62	38	1	22,3	436360	0	0	51,8	55	59	53	49	50	62	51	53	6	1	28
5	9	1	24	476029	0	0	53,9	60,48	43,18	37,03	60,76	44,93	53,63	58,38	46,19	6	1	21
92	54	1	27,3	337187	0	0	51,3	51,63	41,62	60,98	45,28	44,38	56,52	46,07	48,36	6	1	20
97	94	1	25,7	476029	0	0	48,3	48,2	43,7	46,69	53,45	42,2	45,12	45,01	53,84	6	1	19
8	3	1	25,7	935056	0	1	42,8	34,09	37,14	36,89	43,11	33,22	44,42	49,52	35,31	2	0	8
62	8	1	25,7	476029	0	0	45,9	44,41	52,28	33,69	50,09	40,89	37,71	54,33	33,56	5	1	18
